Predicted:  [24.0, 171.0, 262.0, 276.0, 305.0, 319.0, 468.0, 652.0, 875.0, 907.0, 1031.0, 1060.0, 1179.0, 1208.0, 1278.0, 1325.0, 1353.0]
Actual:  [ 467.996  540.507  655.028  724.451  875.991  906.194 1031.631 1060.502
 1180.201 1208.92  1326.931 1353.696 1868.394]
Predicted:  [458.0, 570.0, 585.0, 980.0, 994.0, 1500.0, 1714.0, 1899.0, 1993.0, 2111.0, 2234.0, 2328.0, 2571.0, 2661.0, 2828.0, 2908.0]
Actual:  [ 993.781 1716.613 1900.951 1991.958 2235.584 2326.818 2569.273 2659.962
 2909.294 3778.76 ]
Predicted:  [622.0, 1003.0, 1155.0, 1170.0, 1667.0, 1797.0, 1944.0, 2038.0, 2184.0, 2277.0, 2424.0, 2517.0, 2663.0, 2714.0, 2757.0, 2829.0, 3123.0, 3201.0, 3985.0]
Actual:  [1641.461 1788.181 1882.146 2029.534 2121.004 2267.759 2361.182 2509.102
 2601.224 4924.527]
Predicted:  [627.0, 1367.0, 1498.0, 1511.0, 1602.0, 1742.0, 2100.0, 2257.0, 2327.0, 2415.0, 2487.0, 2966.0, 3106.0, 3157.0, 3249.0, 3297.0, 3388.0, 3430.0]
Actual:  [1601.651 1740.585 2099.22  2167.84  2256.123 2325.018 2414.569 2486.629
 2965.347 3014.009 3106.089 3155.296 3245.147 3294.561 3385.623 3429.237
 4536.628]
Predicted:  [765.0, 1087.0, 1364.0, 1506.0, 1683.0, 1722.0, 1798.0, 1838.0, 1922.0, 2069.0, 2126.0, 2248.0, 2313.0, 2663.0]
Actual:  [1686.194 1719.266 1795.369 1834.325 1919.771 1967.655 2069.402 2121.008
 2248.308 2309.104 3477.655]
Predicted:  [445.0, 1192.0, 1335.0, 1497.0, 1778.0, 1937.0, 1998.0, 2218.0, 2474.0]
Actual:  [1334.884 1494.443 1554.996 1716.382 1776.427 1936.789 1997.012 2157.336
 2217.4   2414.306 2474.845 2658.229 2719.405 2872.341 5300.954]
Predicted:  [830.0, 961.0, 1074.0, 1088.0, 1201.0, 1467.0, 1788.0, 2153.0, 2208.0, 2238.0, 2353.0, 2384.0, 2492.0, 2526.0, 2630.0, 2664.0]
Actual:  [1471.93  1785.864 2209.805 2238.186 2355.25  2383.938 2494.609 2523.759
 2632.111 2659.417 3549.371]
Predicted:  [519.0, 1145.0, 1224.0, 1353.0, 1519.0, 1565.0, 1684.0, 1730.0]
Actual:  [1354.444 1400.34  1520.253 1564.496 1685.723 1729.905 2563.557]
Predicted:  [720.0, 759.0, 838.0, 1363.0, 1395.0, 1519.0, 1550.0, 1677.0, 1707.0, 1826.0]
Actual:  [1363.876 1391.452 1521.079 1550.812 1676.893 1705.312 1827.121 1858.726
 2349.643]
Predicted:  [515.0, 690.0, 1136.0, 1187.0, 1308.0]
Actual:  [ 690.677  928.661 1136.995 1186.987 1309.091 1360.573 1701.498]
Predicted:  [896.0, 1234.0, 1269.0, 1373.0, 1404.0, 1502.0, 1533.0, 1631.0, 1666.0]
Actual:  [1237.247 1266.987 1373.799 1403.034 1502.306 1532.242 1633.241 1661.735
 2068.467]
Predicted:  [2143.0, 2158.0, 2246.0, 2430.0, 2458.0, 2568.0, 2657.0, 2862.0, 2926.0, 3068.0, 3135.0]
Actual:  [1585.156 1648.443 1809.101 1872.123 2015.11  2078.574 2220.138 2283.058
 3401.379]
Predicted:  [516.0, 1007.0, 1198.0, 1219.0, 1780.0, 2100.0, 2267.0, 2606.0, 2879.0, 3156.0, 3188.0, 3730.0, 3940.0, 3967.0, 3989.0, 4185.0]
Actual:  [1781.771 1937.442 2058.119 2211.256 2334.165 2487.705 2607.671 2761.745
 2882.127 3034.778 3155.639 3303.034 4712.155]
Predicted:  [1148.0, 1217.0, 1265.0, 1354.0, 1370.0, 2273.0, 2923.0]
Actual:  [1560.445 2090.166 2271.603 2800.245 2919.987 3442.989 3964.669]
Predicted:  [625.0, 1094.0, 1109.0, 1223.0, 1371.0, 1590.0, 1718.0, 1761.0, 1926.0, 2339.0, 2374.0, 2545.0, 2572.0, 2732.0, 2760.0]
Actual:  [1370.077 1420.488 1541.558 1588.076 1715.715 1759.279 2339.386 2367.872
 2544.996 2572.825 2733.347 2759.539 3471.888]
Predicted:  [311.0, 562.0, 719.0, 884.0, 1026.0, 1056.0, 1200.0, 1230.0, 1345.0, 1370.0, 1499.0, 1512.0, 1527.0]
Actual:  [1027.812 1056.398 1197.729 1226.802 1344.14  1372.458 1498.532 1526.128
 2345.969]
Predicted:  [935.0, 1364.0, 1564.0, 2074.0, 2095.0, 2154.0, 2213.0, 2336.0, 2448.0, 2521.0, 2609.0, 2764.0, 2846.0, 2935.0, 3162.0, 3190.0, 3351.0, 3424.0, 3512.0, 3588.0, 3673.0, 3750.0, 3924.0, 4085.0, 4243.0, 4393.0, 4481.0, 4612.0, 4656.0, 4817.0, 4976.0, 5046.0, 5134.0, 5205.0, 5805.0]
Actual:  [2447.532 2520.276 2610.529 2684.902 2774.803 2848.249 2936.451 3011.538
 3190.862 3265.743 3352.319 3424.175 3512.538 3586.125 3673.507 3746.966
 3925.659 3998.2   4085.118 4158.285 4244.11  4316.11  4404.094 4478.
 4657.621 4729.972 4817.103 4888.84  4976.269 5046.593 5134.305 5207.003
 6726.612]
Predicted:  [98.0, 323.0, 894.0, 1125.0, 2377.0, 2604.0, 2705.0, 2825.0, 2922.0, 3154.0, 3552.0, 3577.0]
Actual:  [2605.684 2706.21  2825.666 2923.307 3045.038 3152.451 4173.34 ]
Predicted:  [342.0, 844.0, 907.0, 1192.0, 1221.0, 1280.0, 1313.0, 1372.0, 1404.0, 1463.0, 1493.0, 1554.0, 1587.0, 1889.0, 1919.0, 1984.0, 2016.0, 2074.0, 2105.0, 2164.0, 2196.0, 2249.0, 2280.0]
Actual:  [1192.969 1221.684 1281.517 1311.843 1373.252 1403.337 1463.315 1491.917
 1554.299 1583.804 1891.322 1920.149 1983.795 2013.695 2073.563 2102.954
 2165.297 2195.195 2254.952 2281.919 3639.299]
Predicted:  [781.0, 869.0, 1206.0, 1251.0, 1289.0, 1353.0, 1483.0, 1543.0, 1579.0, 1640.0, 1712.0, 1749.0, 1816.0, 1917.0, 2019.0, 2054.0, 2241.0, 2276.0, 2338.0, 2373.0, 2435.0, 2534.0, 2569.0, 2698.0, 2732.0, 2798.0, 2895.0, 2994.0, 3033.0, 3175.0, 3275.0, 3372.0, 3469.0, 3504.0, 3636.0]
Actual:  [1252.922 1288.083 1352.986 1387.07  1449.098 1484.035 1544.267 1579.098
 1713.435 1748.662 1817.548 1852.396 1917.99  1953.642 2018.878 2054.469
 2242.106 2276.414 2339.068 2372.948 2436.324 2469.767 2534.388 2568.608
 2699.078 2733.232 2798.918 2833.389 2895.46  2930.375 2995.445 3028.627
 3176.049 3210.651 3274.415 3308.031 3372.202 3406.858 3470.203 3502.901
 4228.265]
Predicted:  [-5.0, 817.0, 988.0, 1004.0, 1101.0, 1708.0, 1848.0, 1921.0, 1971.0, 2038.0, 2107.0, 2229.0, 2296.0, 2925.0, 2978.0, 3070.0, 3145.0, 3260.0, 3327.0, 3448.0, 3509.0]
Actual:  [1707.662 1758.046 1848.423 1916.989 2038.279 2106.686 2227.451 2296.038
 2924.638 2977.033 3069.275 3139.338 3259.831 3326.726 3447.072 3506.203
 4689.904]
Predicted:  [489.0, 791.0, 941.0, 1177.0, 1194.0, 1213.0, 1331.0, 1358.0, 1480.0, 1506.0, 1630.0, 1662.0]
Actual:  [ 455.059  731.025 1127.499 1159.343 1279.115 1306.203 1428.343 1456.005
 1579.677 1607.347 2139.31 ]
Predicted:  [4.0, 325.0, 381.0, 899.0, 912.0, 1058.0, 1075.0, 1110.0, 1142.0, 1172.0, 1230.0, 1269.0, 1298.0, 1335.0, 1390.0, 1423.0, 1841.0, 1875.0, 1906.0, 1936.0, 2003.0, 2037.0, 2064.0, 2098.0, 2150.0, 2190.0]
Actual:  [1074.926 1110.292 1141.082 1171.721 1231.847 1268.419 1299.743 1329.46
 1389.752 1422.511 1841.69  1874.687 1905.944 1936.003 2002.861 2035.671
 2064.464 2095.239 2155.537 2188.069 3065.386]
Predicted:  [2.0, 1985.0, 1998.0, 2144.0, 2174.0, 2240.0, 2270.0, 2338.0, 2367.0, 2433.0, 2462.0, 2528.0, 2557.0, 2624.0, 2653.0]
Actual:  [1536.198 1565.978 1631.204 1662.094 1729.267 1758.596 1823.679 1853.521
 1918.438 1948.522 2015.272 2044.563 3173.308]
Predicted:  [-4.0, 941.0, 1109.0, 1169.0, 1502.0, 1573.0, 1682.0, 1730.0, 1818.0, 1868.0, 1959.0, 2006.0, 2097.0, 2147.0, 2238.0, 2286.0, 2637.0, 2669.0, 2828.0, 2860.0, 2986.0, 3016.0, 3140.0, 3169.0, 3290.0, 3318.0, 3439.0, 3466.0]
Actual:  [1683.212 1729.182 1819.817 1868.233 1958.963 2006.34  2098.014 2146.336
 2238.74  2286.402 2637.836 2667.684 2828.948 2859.286 2986.985 3016.406
 3139.808 3170.653 3289.651 3318.05  3438.826 3467.526 4360.678]
Predicted:  [623.0, 651.0, 1046.0, 1332.0, 1469.0, 1503.0, 1655.0, 1956.0, 2061.0, 2087.0, 2121.0, 2564.0, 2663.0, 2692.0, 2725.0, 3975.0]
Actual:  [1333.076 1437.478 1521.522 1956.942 2057.025 2087.756 2118.843 2563.043
 2661.269 2723.797 3275.14  4218.449]
Predicted:  [586.0, 602.0, 671.0, 900.0, 1046.0, 1107.0, 1396.0, 1409.0, 1463.0, 1534.0, 1586.0, 1701.0, 1755.0, 1837.0, 1867.0, 2038.0, 2083.0, 2155.0, 2197.0, 2251.0, 2367.0, 2412.0, 2526.0, 2580.0, 2694.0, 2739.0]
Actual:  [1532.431 1581.37  1699.328 1749.298 1866.311 1916.035 2035.036 2082.798
 2201.811 2248.313 2366.461 2412.165 2530.826 2576.849 2693.171 2735.442
 3227.814]
Predicted:  [1382.0, 1464.0, 1850.0, 2025.0, 2194.0, 2245.0, 2360.0, 2527.0, 2573.0, 3301.0, 3495.0, 3692.0, 3720.0, 3883.0, 4069.0, 4100.0, 4254.0, 4284.0, 5154.0]
Actual:  [1849.318 1898.127 2026.526 2075.211 2195.09  2242.48  2362.122 2409.398
 2528.57  2574.078 3302.587 3330.891 3495.79  3526.058 3689.583 3719.727
 3885.045 3915.152 4071.45  4101.564 4256.26  4281.191 5362.192]
Predicted:  [1116.0, 1809.0, 2110.0, 2188.0, 2217.0, 2321.0, 2395.0, 2424.0, 2681.0, 2746.0, 2779.0, 2808.0, 2844.0, 2872.0, 2905.0, 3514.0, 3537.0, 3614.0, 3644.0, 3719.0, 3759.0, 3851.0, 3990.0, 4102.0, 4136.0, 4167.0, 4202.0, 4231.0, 4267.0, 4294.0, 4322.0, 4713.0]
Actual:  [2110.58  2186.464 2217.118 2291.01  2321.84  2394.763 2424.827 2499.353
 2682.103 2715.411 2745.48  2779.41  2808.929 2843.131 2873.192 2905.796
 3537.933 3612.937 3645.238 3717.993 3748.3   3820.147 3850.916 3923.709
 4103.067 4136.297 4166.796 4201.501 4230.92  4264.811 4293.901 4321.805
 5219.446]
Predicted:  [92.0, 188.0, 327.0, 382.0, 538.0, 552.0, 596.0, 699.0, 1191.0, 1241.0, 1330.0, 1384.0, 1472.0, 1523.0, 1794.0, 2042.0, 2298.0, 2346.0, 2436.0, 2575.0]
Actual:  [ 699.58   948.733 1192.457 1241.396 1332.177 1382.18  1473.391 1521.457
 1794.476 2039.87  2300.152 2347.878 2437.672 2485.679 2576.717 2623.389
 3132.469]
Predicted:  [1050.0, 1129.0, 1550.0, 1723.0, 1871.0, 2004.0, 2129.0, 2178.0, 2258.0, 2308.0, 2432.0, 2806.0, 3116.0, 3129.0, 3145.0, 3259.0, 3294.0, 3396.0, 3426.0, 3536.0, 3573.0]
Actual:  [1871.205 1925.616 2005.296 2053.983 2130.114 2179.753 2259.109 2309.056
 2382.704 2433.598 3118.392 3146.686 3260.709 3291.984 3396.184 3425.655
 3537.722 3568.547 3977.949]
Predicted:  [872.0, 896.0, 1138.0, 1180.0, 1261.0, 1410.0, 1534.0, 1779.0, 1809.0, 1857.0, 1889.0, 1934.0, 1962.0, 1989.0]
Actual:  [1536.803 1568.483 1619.269 1651.775 1701.352 1732.888 1779.471 1810.173
 1857.461 1889.157 1933.851 1963.589 2485.069]
Predicted:  [33.0, 820.0, 1063.0, 1098.0, 1442.0, 1456.0, 1601.0, 1675.0, 1730.0, 1743.0, 1894.0, 1967.0, 2044.0, 2122.0, 2184.0, 2313.0, 2385.0, 2439.0, 2460.0, 2534.0, 2617.0, 2693.0, 2777.0, 2850.0, 3015.0, 3088.0, 3161.0, 3236.0, 3306.0, 3380.0, 3453.0, 3528.0, 3644.0, 3718.0]
Actual:  [1535.352 1605.779 1681.408 1754.505 1827.784 1900.301 1977.612 2052.984
 2245.47  2318.24  2394.504 2466.89  2553.546 2626.273 2709.23  2783.776
 2948.335 3020.434 3096.999 3169.636 3241.101 3312.472 3387.057 3458.731
 3577.053 3651.642 5510.506]
Predicted:  [486.0, 1914.0, 1997.0, 2697.0, 2843.0, 2982.0, 3016.0, 3255.0, 3391.0, 3933.0, 4075.0, 4209.0, 4349.0, 4490.0, 4626.0, 4654.0]
Actual:  [1997.303 2416.895 2697.542 2729.62  2843.856 2875.749 2983.191 3014.259
 3121.476 3151.772 3255.937 3286.078 3391.961 3421.711 3934.633 3963.696
 4074.299 4104.545 4210.832 4240.675 4350.969 4380.547 4491.29  4520.964
 4626.726 4654.435 6008.841]
Predicted:  [-5.0, 1046.0, 1109.0, 1218.0, 1605.0, 1685.0, 1772.0, 1786.0, 1957.0, 2097.0, 2174.0, 2233.0, 2368.0, 2446.0, 2505.0, 2586.0, 2642.0, 2720.0, 2777.0, 2839.0, 2911.0, 2990.0, 3046.0, 3121.0, 3179.0, 3251.0]
Actual:  [1957.861 2034.784 2097.889 2173.088 2234.725 2310.725 2369.69  2446.343
 2507.447 2583.067 2642.762 2717.611 2778.249 2852.905 2912.72  2987.068
 3047.145 3120.326 3180.262 3249.343 3651.893 4194.183]
Predicted:  [91.0, 577.0, 733.0, 764.0, 906.0, 934.0, 1066.0, 1094.0, 1216.0]
Actual:  [ 734.785  763.561  907.681  936.02  1067.766 1095.714 1218.577 1244.846
 2753.589]
Predicted:  [941.0, 995.0, 1284.0, 1370.0, 2285.0, 2300.0, 2430.0, 2551.0]
Actual:  [1365.95  1989.187 2857.187]
Predicted:  [268.0, 426.0, 440.0, 1091.0, 1124.0, 1238.0, 1269.0, 1380.0, 1527.0, 1556.0]
Actual:  [ 439.353  771.604 1093.64  1123.295 1239.779 1269.744 1382.91  1413.796
 1529.05  1556.899 2044.693]
Predicted:  [6.0, 147.0, 264.0, 379.0, 490.0, 521.0, 606.0, 1040.0, 1238.0, 1268.0, 1495.0, 2643.0, 2672.0, 2833.0, 2865.0, 3021.0, 3320.0, 3344.0]
Actual:  [  26.22   148.038  180.665  264.672  297.674  378.273  410.524  489.733
  521.511  607.117  638.395  715.535  748.065  825.86   856.375  933.369
  965.658 1041.613 1072.507 1141.308 1173.634 1239.747 1268.36  2643.373
 2671.114 2834.896 2864.114 3023.687 3051.851 3320.64  3346.709 4456.933]
Predicted:  [-5.0, 2037.0, 2128.0, 2162.0, 2216.0, 2247.0, 2303.0, 2389.0, 2477.0, 2565.0, 2597.0, 2765.0, 2850.0, 2903.0, 2937.0, 2990.0]
Actual:  [1176.953 1206.814 1268.614 1302.134 1356.12  1387.623 1442.091 1473.462
 1529.818 1561.576 1616.888 1649.853 1705.649 1737.835 1788.852 1820.764
 1874.081 1906.27  1957.78  1990.09  2043.687 2076.099 2129.113 2161.879
 3216.031]
Predicted:  [1577.0, 1638.0, 1701.0, 1716.0, 1810.0, 1898.0, 1935.0, 3038.0]
Actual:  [1933.789 2618.689 3420.526]
Predicted:  [1125.0, 1228.0, 1242.0, 1317.0, 1507.0, 1547.0, 2453.0]
Actual:  [1549.564 2453.811 3372.418 3373.515]
[(51.620153846153855, 88.85982352941176, 0.3228971447469954), (88.34099999999994, 113.23268749999995, 0.28952262864228), (124.89340000000009, 288.5609473684212, 0.0), (72.97411764705889, 78.98261111111123, 0.37143304957728224), (80.39736363636362, 171.4809285714285, 0.14851439662796226), (260.1194, 115.51755555555552, 0.28188009079984583), (82.57127272727259, 142.8355, 0.208053691275185), (126.55942857142853, 147.54387499999999, 0.3327706079655255), (62.95555555555555, 178.4859, 0.30514674314368645), (93.74085714285718, 35.69060000000004, 0.38026224982746004), (46.34022222222221, 39.53800000000004, 0.3252346769740493), (242.08800000000005, 249.79181818181814, 0.0), (102.16330769230771, 391.5636875, 0.08482184606751556), (294.58599999999996, 207.51928571428564, 0.06849837817210752), (63.52476923076926, 107.46886666666668, 0.3042060645581971), (92.36733333333336, 127.77330769230768, 0.28773578003131134), (47.382151515151925, 159.00414285714305, 0.2982549925540796), (101.67399999999998, 753.4945000000001, 0.21763650346064786), (66.13671428571432, 65.89039130434783, 0.42371784500890736), (23.68021951219525, 32.15171428571439, 0.4328133100815133), (73.51682352941175, 224.10271428571434, 0.3924131802900307), (78.51763636363634, 51.1896666666666, 0.0), (42.88666666666667, 111.3765384615384, 0.44440944397920024), (231.28046153846137, 381.2485333333333, 0.0), (39.61321739130436, 136.63207142857146, 0.5404829867246569), (71.36916666666662, 134.35793749999993, 0.2069355690377948), (33.87311764705872, 181.76903846153834, 0.17788049991442134), (20.687478260869096, 57.24268421052594, 0.28457062462251853), (23.307090909091173, 56.47471875000031, 0.48646176362965077), (53.95252941176476, 112.07245, 0.28261792718542594), (30.604315789473766, 113.25990476190485, 0.30948970822930305), (66.47376923076942, 178.28800000000007, 0.24419662914873447), (84.39548148148144, 112.99258823529408, 0.0), (79.27229629629639, 100.6076875000001, 0.31180548670270264), (68.32100000000013, 211.01473076923077, 0.2835082558994475), (175.37966666666674, 90.39466666666671, 0.2861276838983861), (202.01666666666665, 277.7375, 0.0), (77.65990909090897, 19.70799999999992, 0.30487463882935784), (73.04043749999991, 14.721611111110999, 0.29761433604320214), (370.3913599999999, 280.36725, 0.04303140542121984), (267.68266666666665, 205.80887499999997, 0.06767610589405708), (460.82700000000017, 190.31357142857152, 0.12680960737002955)]
Average 'precision':  113.07581011172012
Average 'recall':     160.40635431925904
Average 'IoU':        0.24224537743654015
done
